(kicad_pcb (version 20171130) (host pcbnew "(5.1.8)-1")

  (general
    (thickness 1.6)
    (drawings 5)
    (tracks 911)
    (zones 0)
    (modules 228)
    (nets 330)
  )

  (page A4)
  (title_block
    (rev v3.1.1)
  )

  (layers
    (0 F.Cu signal)
    (1 In1.Cu signal hide)
    (2 In2.Cu signal)
    (31 B.Cu signal)
    (32 B.Adhes user hide)
    (33 F.Adhes user hide)
    (34 B.Paste user hide)
    (35 F.Paste user hide)
    (36 B.SilkS user hide)
    (37 F.SilkS user)
    (38 B.Mask user hide)
    (39 F.Mask user)
    (40 Dwgs.User user)
    (41 Cmts.User user)
    (42 Eco1.User user)
    (43 Eco2.User user)
    (44 Edge.Cuts user)
    (45 Margin user)
    (46 B.CrtYd user)
    (47 F.CrtYd user)
    (48 B.Fab user hide)
    (49 F.Fab user hide)
  )

  (setup
    (last_trace_width 0.3)
    (user_trace_width 0.127)
    (user_trace_width 0.2)
    (user_trace_width 0.4)
    (trace_clearance 0.127)
    (zone_clearance 0.127)
    (zone_45_only no)
    (trace_min 0.127)
    (via_size 0.419)
    (via_drill 0.2)
    (via_min_size 0.419)
    (via_min_drill 0.2)
    (user_via 0.6 0.25)
    (uvia_size 0.3)
    (uvia_drill 0.1)
    (uvias_allowed no)
    (uvia_min_size 0.2)
    (uvia_min_drill 0.1)
    (edge_width 0.2)
    (segment_width 0.2)
    (pcb_text_width 0.3)
    (pcb_text_size 1.5 1.5)
    (mod_edge_width 0.15)
    (mod_text_size 1 1)
    (mod_text_width 0.15)
    (pad_size 1.7272 2.032)
    (pad_drill 1.016)
    (pad_to_mask_clearance 0.05)
    (solder_mask_min_width 0.25)
    (pad_to_paste_clearance -0.05)
    (aux_axis_origin 94.1 112.22)
    (grid_origin 130.88 94.6)
    (visible_elements 7FFFF7FF)
    (pcbplotparams
      (layerselection 0x010fc_ffffffff)
      (usegerberextensions true)
      (usegerberattributes false)
      (usegerberadvancedattributes false)
      (creategerberjobfile false)
      (excludeedgelayer true)
      (linewidth 0.100000)
      (plotframeref false)
      (viasonmask false)
      (mode 1)
      (useauxorigin false)
      (hpglpennumber 1)
      (hpglpenspeed 20)
      (hpglpendiameter 15.000000)
      (psnegative false)
      (psa4output false)
      (plotreference true)
      (plotvalue true)
      (plotinvisibletext false)
      (padsonsilk false)
      (subtractmaskfromsilk true)
      (outputformat 1)
      (mirror false)
      (drillshape 0)
      (scaleselection 1)
      (outputdirectory "plot"))
  )

  (net 0 "")
  (net 1 GND)
  (net 2 +5V)
  (net 3 /gpio/IN5V)
  (net 4 /gpio/OUT5V)
  (net 5 +3V3)
  (net 6 BTN_D)
  (net 7 BTN_F1)
  (net 8 BTN_F2)
  (net 9 BTN_L)
  (net 10 BTN_R)
  (net 11 BTN_U)
  (net 12 /power/FB1)
  (net 13 +2V5)
  (net 14 /power/PWREN)
  (net 15 /power/FB3)
  (net 16 /power/FB2)
  (net 17 /power/VBAT)
  (net 18 JTAG_TDI)
  (net 19 JTAG_TCK)
  (net 20 JTAG_TMS)
  (net 21 JTAG_TDO)
  (net 22 /power/WAKEUPn)
  (net 23 /power/WKUP)
  (net 24 /power/SHUT)
  (net 25 /power/WAKE)
  (net 26 /power/HOLD)
  (net 27 /power/WKn)
  (net 28 /power/OSCI_32k)
  (net 29 /power/OSCO_32k)
  (net 30 SHUTDOWN)
  (net 31 GPDI_SDA)
  (net 32 GPDI_SCL)
  (net 33 /gpdi/VREF2)
  (net 34 SD_CMD)
  (net 35 SD_CLK)
  (net 36 SD_D0)
  (net 37 SD_D1)
  (net 38 USB5V)
  (net 39 nRESET)
  (net 40 FTDI_nDTR)
  (net 41 SDRAM_CKE)
  (net 42 SDRAM_A7)
  (net 43 SDRAM_D15)
  (net 44 SDRAM_BA1)
  (net 45 SDRAM_D7)
  (net 46 SDRAM_A6)
  (net 47 SDRAM_CLK)
  (net 48 SDRAM_D13)
  (net 49 SDRAM_BA0)
  (net 50 SDRAM_D6)
  (net 51 SDRAM_A5)
  (net 52 SDRAM_D14)
  (net 53 SDRAM_A11)
  (net 54 SDRAM_D12)
  (net 55 SDRAM_D5)
  (net 56 SDRAM_A4)
  (net 57 SDRAM_A10)
  (net 58 SDRAM_D11)
  (net 59 SDRAM_A3)
  (net 60 SDRAM_D4)
  (net 61 SDRAM_D10)
  (net 62 SDRAM_D9)
  (net 63 SDRAM_A9)
  (net 64 SDRAM_D3)
  (net 65 SDRAM_D8)
  (net 66 SDRAM_A8)
  (net 67 SDRAM_A2)
  (net 68 SDRAM_A1)
  (net 69 SDRAM_A0)
  (net 70 SDRAM_D2)
  (net 71 SDRAM_D1)
  (net 72 SDRAM_D0)
  (net 73 SDRAM_DQM0)
  (net 74 SDRAM_nCS)
  (net 75 SDRAM_nRAS)
  (net 76 SDRAM_DQM1)
  (net 77 SDRAM_nCAS)
  (net 78 SDRAM_nWE)
  (net 79 /flash/FLASH_nWP)
  (net 80 /flash/FLASH_nHOLD)
  (net 81 /flash/FLASH_MOSI)
  (net 82 /flash/FLASH_MISO)
  (net 83 /flash/FLASH_SCK)
  (net 84 /flash/FLASH_nCS)
  (net 85 /flash/FPGA_PROGRAMN)
  (net 86 /flash/FPGA_DONE)
  (net 87 /flash/FPGA_INITN)
  (net 88 OLED_RES)
  (net 89 OLED_DC)
  (net 90 OLED_CS)
  (net 91 WIFI_EN)
  (net 92 FTDI_nRTS)
  (net 93 FTDI_TXD)
  (net 94 FTDI_RXD)
  (net 95 WIFI_RXD)
  (net 96 WIFI_GPIO0)
  (net 97 WIFI_TXD)
  (net 98 USB_FTDI_D+)
  (net 99 USB_FTDI_D-)
  (net 100 SD_D3)
  (net 101 AUDIO_L3)
  (net 102 AUDIO_L2)
  (net 103 AUDIO_L1)
  (net 104 AUDIO_L0)
  (net 105 AUDIO_R3)
  (net 106 AUDIO_R2)
  (net 107 AUDIO_R1)
  (net 108 AUDIO_R0)
  (net 109 OLED_CLK)
  (net 110 OLED_MOSI)
  (net 111 LED0)
  (net 112 LED1)
  (net 113 LED2)
  (net 114 LED3)
  (net 115 LED4)
  (net 116 LED5)
  (net 117 LED6)
  (net 118 LED7)
  (net 119 BTN_PWRn)
  (net 120 FTDI_nTXLED)
  (net 121 FTDI_nSLEEP)
  (net 122 /blinkey/LED_PWREN)
  (net 123 /blinkey/LED_TXLED)
  (net 124 SD_D2)
  (net 125 CLK_25MHz)
  (net 126 /blinkey/BTNPUL)
  (net 127 /blinkey/BTNPUR)
  (net 128 USB_FPGA_D+)
  (net 129 /power/FTDI_nSUSPEND)
  (net 130 /blinkey/ALED0)
  (net 131 /blinkey/ALED1)
  (net 132 /blinkey/ALED2)
  (net 133 /blinkey/ALED3)
  (net 134 /blinkey/ALED4)
  (net 135 /blinkey/ALED5)
  (net 136 /blinkey/ALED6)
  (net 137 /blinkey/ALED7)
  (net 138 /usb/FTD-)
  (net 139 /usb/FTD+)
  (net 140 ADC_MISO)
  (net 141 ADC_MOSI)
  (net 142 ADC_CSn)
  (net 143 ADC_SCLK)
  (net 144 SW3)
  (net 145 SW2)
  (net 146 SW1)
  (net 147 USB_FPGA_D-)
  (net 148 /usb/FPD+)
  (net 149 /usb/FPD-)
  (net 150 /usb/ANT_433MHz)
  (net 151 /power/P3V3)
  (net 152 /power/P2V5)
  (net 153 /power/L1)
  (net 154 /power/L3)
  (net 155 /power/L2)
  (net 156 FTDI_TXDEN)
  (net 157 SDRAM_A12)
  (net 158 /analog/AUDIO_V)
  (net 159 AUDIO_V3)
  (net 160 AUDIO_V2)
  (net 161 AUDIO_V1)
  (net 162 AUDIO_V0)
  (net 163 /blinkey/LED_WIFI)
  (net 164 /power/P1V1)
  (net 165 +1V1)
  (net 166 SW4)
  (net 167 /blinkey/SWPU)
  (net 168 /wifi/WIFIEN)
  (net 169 FT2V5)
  (net 170 GN0)
  (net 171 GP0)
  (net 172 GN1)
  (net 173 GP1)
  (net 174 GN2)
  (net 175 GP2)
  (net 176 GN3)
  (net 177 GP3)
  (net 178 GN4)
  (net 179 GP4)
  (net 180 GN5)
  (net 181 GP5)
  (net 182 GN6)
  (net 183 GP6)
  (net 184 GN14)
  (net 185 GP14)
  (net 186 GN15)
  (net 187 GP15)
  (net 188 GN16)
  (net 189 GP16)
  (net 190 GN17)
  (net 191 GP17)
  (net 192 GN18)
  (net 193 GP18)
  (net 194 GN19)
  (net 195 GP19)
  (net 196 GN20)
  (net 197 GP20)
  (net 198 GN21)
  (net 199 GP21)
  (net 200 GN22)
  (net 201 GP22)
  (net 202 GN23)
  (net 203 GP23)
  (net 204 GN24)
  (net 205 GP24)
  (net 206 GN25)
  (net 207 GP25)
  (net 208 GN26)
  (net 209 GP26)
  (net 210 GN27)
  (net 211 GP27)
  (net 212 GN7)
  (net 213 GP7)
  (net 214 GN8)
  (net 215 GP8)
  (net 216 GN9)
  (net 217 GP9)
  (net 218 GN10)
  (net 219 GP10)
  (net 220 GN11)
  (net 221 GP11)
  (net 222 GN12)
  (net 223 GP12)
  (net 224 GN13)
  (net 225 GP13)
  (net 226 USB_FPGA_PULL_D+)
  (net 227 USB_FPGA_PULL_D-)
  (net 228 "Net-(D23-Pad2)")
  (net 229 "Net-(D24-Pad1)")
  (net 230 "Net-(D25-Pad2)")
  (net 231 "Net-(D26-Pad1)")
  (net 232 /gpdi/GPDI_D2-)
  (net 233 FPDI_D2-)
  (net 234 /gpdi/GPDI_D1-)
  (net 235 FPDI_D1-)
  (net 236 /gpdi/GPDI_D0-)
  (net 237 FPDI_D0-)
  (net 238 /gpdi/GPDI_CLK-)
  (net 239 FPDI_CLK-)
  (net 240 /gpdi/GPDI_D2+)
  (net 241 FPDI_D2+)
  (net 242 /gpdi/GPDI_D1+)
  (net 243 FPDI_D1+)
  (net 244 /gpdi/GPDI_D0+)
  (net 245 FPDI_D0+)
  (net 246 /gpdi/GPDI_CLK+)
  (net 247 FPDI_CLK+)
  (net 248 FPDI_SDA)
  (net 249 FPDI_SCL)
  (net 250 2V5_3V3)
  (net 251 /usb/US2VBUS)
  (net 252 /power/SHD)
  (net 253 /power/RTCVDD)
  (net 254 "Net-(D27-Pad2)")
  (net 255 US2_ID)
  (net 256 /analog/AUDIO_L)
  (net 257 /analog/AUDIO_R)
  (net 258 /analog/ADC3V3)
  (net 259 PWRBTn)
  (net 260 USER_PROGRAMN)
  (net 261 FTDI_nRXLED)
  (net 262 /analog/ADCD3V3)
  (net 263 WIFI_GPIO19)
  (net 264 WIFI_GPIO22)
  (net 265 WIFI_GPIO21)
  (net 266 OLED_BL)
  (net 267 "Net-(AUDIO1-Pad5)")
  (net 268 "Net-(AUDIO1-Pad6)")
  (net 269 "Net-(U1-PadW14)")
  (net 270 "Net-(U1-PadW13)")
  (net 271 "Net-(U1-PadW9)")
  (net 272 "Net-(U1-PadW8)")
  (net 273 "Net-(U1-PadW5)")
  (net 274 "Net-(U1-PadW4)")
  (net 275 "Net-(U1-PadT16)")
  (net 276 "Net-(U1-PadR3)")
  (net 277 SD_WP)
  (net 278 SD_CD)
  (net 279 "Net-(U1-PadM5)")
  (net 280 "Net-(U1-PadK17)")
  (net 281 "Net-(U1-PadK16)")
  (net 282 "Net-(U1-PadE11)")
  (net 283 "Net-(U1-PadE10)")
  (net 284 "Net-(U1-PadD12)")
  (net 285 "Net-(U1-PadD11)")
  (net 286 "Net-(U1-PadD10)")
  (net 287 "Net-(U1-PadD9)")
  (net 288 "Net-(U1-PadC9)")
  (net 289 "Net-(U1-PadA15)")
  (net 290 "Net-(U8-Pad25)")
  (net 291 "Net-(U8-Pad12)")
  (net 292 "Net-(U9-Pad27)")
  (net 293 "Net-(U9-Pad28)")
  (net 294 "Net-(U9-Pad32)")
  (net 295 "Net-(US1-Pad4)")
  (net 296 "Net-(Y2-Pad3)")
  (net 297 "Net-(Y2-Pad2)")
  (net 298 WIFI_GPIO27)
  (net 299 WIFI_GPIO26)
  (net 300 WIFI_GPIO25)
  (net 301 WIFI_GPIO35)
  (net 302 "Net-(U1-PadY17)")
  (net 303 "Net-(U1-PadY16)")
  (net 304 /wifi/SD3V3)
  (net 305 "Net-(SD1-Pad10)")
  (net 306 "Net-(SD1-Pad12)")
  (net 307 "Net-(SD1-Pad11)")
  (net 308 "Net-(C69-Pad1)")
  (net 309 "Net-(C70-Pad2)")
  (net 310 /serdes/SRCLKP)
  (net 311 /serdes/SRCLKN)
  (net 312 "Net-(U1-PadY19)")
  (net 313 "Net-(U1-PadW20)")
  (net 314 /gpdi/GPDI_HPD)
  (net 315 /gpdi/GPDI_UTIL)
  (net 316 /gpdi/GPDI_CEC)
  (net 317 FPDI_UTIL)
  (net 318 FPDI_CEC)
  (net 319 FPDI_HPD)
  (net 320 /serdes/SRXP00)
  (net 321 /serdes/SRXN00)
  (net 322 /serdes/SRXP01)
  (net 323 /serdes/SRXN01)
  (net 324 /serdes/SRXP10)
  (net 325 /serdes/SRXN10)
  (net 326 "Net-(C71-Pad1)")
  (net 327 /serdes/STXP11)
  (net 328 "Net-(C72-Pad2)")
  (net 329 /serdes/STXN11)

  (net_class Default "This is the default net class."
    (clearance 0.127)
    (trace_width 0.3)
    (via_dia 0.419)
    (via_drill 0.2)
    (uvia_dia 0.3)
    (uvia_drill 0.1)
    (add_net +5V)
    (add_net /analog/ADC3V3)
    (add_net /analog/ADCD3V3)
    (add_net /analog/AUDIO_L)
    (add_net /analog/AUDIO_R)
    (add_net /analog/AUDIO_V)
    (add_net /blinkey/ALED0)
    (add_net /blinkey/ALED1)
    (add_net /blinkey/ALED2)
    (add_net /blinkey/ALED3)
    (add_net /blinkey/ALED4)
    (add_net /blinkey/ALED5)
    (add_net /blinkey/ALED6)
    (add_net /blinkey/ALED7)
    (add_net /blinkey/BTNPUL)
    (add_net /blinkey/BTNPUR)
    (add_net /blinkey/LED_PWREN)
    (add_net /blinkey/LED_TXLED)
    (add_net /blinkey/LED_WIFI)
    (add_net /blinkey/SWPU)
    (add_net /gpdi/GPDI_CEC)
    (add_net /gpdi/GPDI_CLK+)
    (add_net /gpdi/GPDI_CLK-)
    (add_net /gpdi/GPDI_D0+)
    (add_net /gpdi/GPDI_D0-)
    (add_net /gpdi/GPDI_D1+)
    (add_net /gpdi/GPDI_D1-)
    (add_net /gpdi/GPDI_D2+)
    (add_net /gpdi/GPDI_D2-)
    (add_net /gpdi/GPDI_HPD)
    (add_net /gpdi/GPDI_UTIL)
    (add_net /gpdi/VREF2)
    (add_net /gpio/IN5V)
    (add_net /gpio/OUT5V)
    (add_net /power/FB1)
    (add_net /power/FB2)
    (add_net /power/FB3)
    (add_net /power/FTDI_nSUSPEND)
    (add_net /power/HOLD)
    (add_net /power/L1)
    (add_net /power/L2)
    (add_net /power/L3)
    (add_net /power/OSCI_32k)
    (add_net /power/OSCO_32k)
    (add_net /power/P1V1)
    (add_net /power/P2V5)
    (add_net /power/P3V3)
    (add_net /power/PWREN)
    (add_net /power/RTCVDD)
    (add_net /power/SHD)
    (add_net /power/SHUT)
    (add_net /power/VBAT)
    (add_net /power/WAKE)
    (add_net /power/WAKEUPn)
    (add_net /power/WKUP)
    (add_net /power/WKn)
    (add_net /usb/ANT_433MHz)
    (add_net /usb/FPD+)
    (add_net /usb/FPD-)
    (add_net /usb/FTD+)
    (add_net /usb/FTD-)
    (add_net /usb/US2VBUS)
    (add_net /wifi/SD3V3)
    (add_net /wifi/WIFIEN)
    (add_net FPDI_CEC)
    (add_net FPDI_HPD)
    (add_net "Net-(AUDIO1-Pad5)")
    (add_net "Net-(AUDIO1-Pad6)")
    (add_net "Net-(C69-Pad1)")
    (add_net "Net-(C70-Pad2)")
    (add_net "Net-(C71-Pad1)")
    (add_net "Net-(C72-Pad2)")
    (add_net "Net-(D23-Pad2)")
    (add_net "Net-(D24-Pad1)")
    (add_net "Net-(D25-Pad2)")
    (add_net "Net-(D26-Pad1)")
    (add_net "Net-(D27-Pad2)")
    (add_net "Net-(SD1-Pad10)")
    (add_net "Net-(SD1-Pad11)")
    (add_net "Net-(SD1-Pad12)")
    (add_net "Net-(U1-PadA15)")
    (add_net "Net-(U1-PadC9)")
    (add_net "Net-(U1-PadD10)")
    (add_net "Net-(U1-PadD11)")
    (add_net "Net-(U1-PadD12)")
    (add_net "Net-(U1-PadD9)")
    (add_net "Net-(U1-PadE10)")
    (add_net "Net-(U1-PadE11)")
    (add_net "Net-(U1-PadK16)")
    (add_net "Net-(U1-PadK17)")
    (add_net "Net-(U1-PadM5)")
    (add_net "Net-(U1-PadR3)")
    (add_net "Net-(U1-PadT16)")
    (add_net "Net-(U1-PadW13)")
    (add_net "Net-(U1-PadW14)")
    (add_net "Net-(U1-PadW20)")
    (add_net "Net-(U1-PadW4)")
    (add_net "Net-(U1-PadW5)")
    (add_net "Net-(U1-PadW8)")
    (add_net "Net-(U1-PadW9)")
    (add_net "Net-(U1-PadY16)")
    (add_net "Net-(U1-PadY17)")
    (add_net "Net-(U1-PadY19)")
    (add_net "Net-(U8-Pad12)")
    (add_net "Net-(U8-Pad25)")
    (add_net "Net-(U9-Pad27)")
    (add_net "Net-(U9-Pad28)")
    (add_net "Net-(U9-Pad32)")
    (add_net "Net-(US1-Pad4)")
    (add_net "Net-(Y2-Pad2)")
    (add_net "Net-(Y2-Pad3)")
    (add_net PWRBTn)
    (add_net US2_ID)
    (add_net USB5V)
  )

  (net_class BGA ""
    (clearance 0.127)
    (trace_width 0.127)
    (via_dia 0.419)
    (via_drill 0.2)
    (uvia_dia 0.3)
    (uvia_drill 0.1)
    (add_net /flash/FLASH_MISO)
    (add_net /flash/FLASH_MOSI)
    (add_net /flash/FLASH_SCK)
    (add_net /flash/FLASH_nCS)
    (add_net /flash/FLASH_nHOLD)
    (add_net /flash/FLASH_nWP)
    (add_net /flash/FPGA_DONE)
    (add_net /flash/FPGA_INITN)
    (add_net /flash/FPGA_PROGRAMN)
    (add_net /serdes/SRCLKN)
    (add_net /serdes/SRCLKP)
    (add_net /serdes/SRXN00)
    (add_net /serdes/SRXN01)
    (add_net /serdes/SRXN10)
    (add_net /serdes/SRXP00)
    (add_net /serdes/SRXP01)
    (add_net /serdes/SRXP10)
    (add_net /serdes/STXN11)
    (add_net /serdes/STXP11)
    (add_net 2V5_3V3)
    (add_net ADC_CSn)
    (add_net ADC_MISO)
    (add_net ADC_MOSI)
    (add_net ADC_SCLK)
    (add_net AUDIO_L0)
    (add_net AUDIO_L1)
    (add_net AUDIO_L2)
    (add_net AUDIO_L3)
    (add_net AUDIO_R0)
    (add_net AUDIO_R1)
    (add_net AUDIO_R2)
    (add_net AUDIO_R3)
    (add_net AUDIO_V0)
    (add_net AUDIO_V1)
    (add_net AUDIO_V2)
    (add_net AUDIO_V3)
    (add_net BTN_D)
    (add_net BTN_F1)
    (add_net BTN_F2)
    (add_net BTN_L)
    (add_net BTN_PWRn)
    (add_net BTN_R)
    (add_net BTN_U)
    (add_net CLK_25MHz)
    (add_net FPDI_CLK+)
    (add_net FPDI_CLK-)
    (add_net FPDI_D0+)
    (add_net FPDI_D0-)
    (add_net FPDI_D1+)
    (add_net FPDI_D1-)
    (add_net FPDI_D2+)
    (add_net FPDI_D2-)
    (add_net FPDI_SCL)
    (add_net FPDI_SDA)
    (add_net FPDI_UTIL)
    (add_net FT2V5)
    (add_net FTDI_RXD)
    (add_net FTDI_TXD)
    (add_net FTDI_TXDEN)
    (add_net FTDI_nDTR)
    (add_net FTDI_nRTS)
    (add_net FTDI_nRXLED)
    (add_net FTDI_nSLEEP)
    (add_net FTDI_nTXLED)
    (add_net GN0)
    (add_net GN1)
    (add_net GN10)
    (add_net GN11)
    (add_net GN12)
    (add_net GN13)
    (add_net GN14)
    (add_net GN15)
    (add_net GN16)
    (add_net GN17)
    (add_net GN18)
    (add_net GN19)
    (add_net GN2)
    (add_net GN20)
    (add_net GN21)
    (add_net GN22)
    (add_net GN23)
    (add_net GN24)
    (add_net GN25)
    (add_net GN26)
    (add_net GN27)
    (add_net GN3)
    (add_net GN4)
    (add_net GN5)
    (add_net GN6)
    (add_net GN7)
    (add_net GN8)
    (add_net GN9)
    (add_net GND)
    (add_net GP0)
    (add_net GP1)
    (add_net GP10)
    (add_net GP11)
    (add_net GP12)
    (add_net GP13)
    (add_net GP14)
    (add_net GP15)
    (add_net GP16)
    (add_net GP17)
    (add_net GP18)
    (add_net GP19)
    (add_net GP2)
    (add_net GP20)
    (add_net GP21)
    (add_net GP22)
    (add_net GP23)
    (add_net GP24)
    (add_net GP25)
    (add_net GP26)
    (add_net GP27)
    (add_net GP3)
    (add_net GP4)
    (add_net GP5)
    (add_net GP6)
    (add_net GP7)
    (add_net GP8)
    (add_net GP9)
    (add_net GPDI_SCL)
    (add_net GPDI_SDA)
    (add_net JTAG_TCK)
    (add_net JTAG_TDI)
    (add_net JTAG_TDO)
    (add_net JTAG_TMS)
    (add_net LED0)
    (add_net LED1)
    (add_net LED2)
    (add_net LED3)
    (add_net LED4)
    (add_net LED5)
    (add_net LED6)
    (add_net LED7)
    (add_net OLED_BL)
    (add_net OLED_CLK)
    (add_net OLED_CS)
    (add_net OLED_DC)
    (add_net OLED_MOSI)
    (add_net OLED_RES)
    (add_net SDRAM_A0)
    (add_net SDRAM_A1)
    (add_net SDRAM_A10)
    (add_net SDRAM_A11)
    (add_net SDRAM_A12)
    (add_net SDRAM_A2)
    (add_net SDRAM_A3)
    (add_net SDRAM_A4)
    (add_net SDRAM_A5)
    (add_net SDRAM_A6)
    (add_net SDRAM_A7)
    (add_net SDRAM_A8)
    (add_net SDRAM_A9)
    (add_net SDRAM_BA0)
    (add_net SDRAM_BA1)
    (add_net SDRAM_CKE)
    (add_net SDRAM_CLK)
    (add_net SDRAM_D0)
    (add_net SDRAM_D1)
    (add_net SDRAM_D10)
    (add_net SDRAM_D11)
    (add_net SDRAM_D12)
    (add_net SDRAM_D13)
    (add_net SDRAM_D14)
    (add_net SDRAM_D15)
    (add_net SDRAM_D2)
    (add_net SDRAM_D3)
    (add_net SDRAM_D4)
    (add_net SDRAM_D5)
    (add_net SDRAM_D6)
    (add_net SDRAM_D7)
    (add_net SDRAM_D8)
    (add_net SDRAM_D9)
    (add_net SDRAM_DQM0)
    (add_net SDRAM_DQM1)
    (add_net SDRAM_nCAS)
    (add_net SDRAM_nCS)
    (add_net SDRAM_nRAS)
    (add_net SDRAM_nWE)
    (add_net SD_CD)
    (add_net SD_CLK)
    (add_net SD_CMD)
    (add_net SD_D0)
    (add_net SD_D1)
    (add_net SD_D2)
    (add_net SD_D3)
    (add_net SD_WP)
    (add_net SHUTDOWN)
    (add_net SW1)
    (add_net SW2)
    (add_net SW3)
    (add_net SW4)
    (add_net USB_FPGA_D+)
    (add_net USB_FPGA_D-)
    (add_net USB_FPGA_PULL_D+)
    (add_net USB_FPGA_PULL_D-)
    (add_net USB_FTDI_D+)
    (add_net USB_FTDI_D-)
    (add_net USER_PROGRAMN)
    (add_net WIFI_EN)
    (add_net WIFI_GPIO0)
    (add_net WIFI_GPIO19)
    (add_net WIFI_GPIO21)
    (add_net WIFI_GPIO22)
    (add_net WIFI_GPIO25)
    (add_net WIFI_GPIO26)
    (add_net WIFI_GPIO27)
    (add_net WIFI_GPIO35)
    (add_net WIFI_RXD)
    (add_net WIFI_TXD)
    (add_net nRESET)
  )

  (net_class Medium ""
    (clearance 0.127)
    (trace_width 0.127)
    (via_dia 0.419)
    (via_drill 0.2)
    (uvia_dia 0.3)
    (uvia_drill 0.1)
    (add_net +1V1)
    (add_net +2V5)
    (add_net +3V3)
  )

  (module Resistor_SMD:R_0603_1608Metric (layer F.Cu) (tedit 5F68FEEE) (tstamp 6017FBC6)
    (at 248.235001 82.605001)
    (descr "Resistor SMD 0603 (1608 Metric), square (rectangular) end terminal, IPC_7351 nominal, (Body size source: IPC-SM-782 page 72, https://www.pcb-3d.com/wordpress/wp-content/uploads/ipc-sm-782a_amendment_1_and_2.pdf), generated with kicad-footprint-generator")
    (tags resistor)
    (path /58D51CAD/58E810CC)
    (attr smd)
    (fp_text reference R3 (at 0 -1.43) (layer F.SilkS)
      (effects (font (size 1 1) (thickness 0.15)))
    )
    (fp_text value 4.7k (at 0 1.43) (layer F.Fab)
      (effects (font (size 1 1) (thickness 0.15)))
    )
    (fp_line (start 1.48 0.73) (end -1.48 0.73) (layer F.CrtYd) (width 0.05))
    (fp_line (start 1.48 -0.73) (end 1.48 0.73) (layer F.CrtYd) (width 0.05))
    (fp_line (start -1.48 -0.73) (end 1.48 -0.73) (layer F.CrtYd) (width 0.05))
    (fp_line (start -1.48 0.73) (end -1.48 -0.73) (layer F.CrtYd) (width 0.05))
    (fp_line (start -0.237258 0.5225) (end 0.237258 0.5225) (layer F.SilkS) (width 0.12))
    (fp_line (start -0.237258 -0.5225) (end 0.237258 -0.5225) (layer F.SilkS) (width 0.12))
    (fp_line (start 0.8 0.4125) (end -0.8 0.4125) (layer F.Fab) (width 0.1))
    (fp_line (start 0.8 -0.4125) (end 0.8 0.4125) (layer F.Fab) (width 0.1))
    (fp_line (start -0.8 -0.4125) (end 0.8 -0.4125) (layer F.Fab) (width 0.1))
    (fp_line (start -0.8 0.4125) (end -0.8 -0.4125) (layer F.Fab) (width 0.1))
    (fp_text user %R (at 0 0) (layer F.Fab)
      (effects (font (size 0.4 0.4) (thickness 0.06)))
    )
    (pad 2 smd roundrect (at 0.825 0) (size 0.8 0.95) (layers F.Cu F.Paste F.Mask) (roundrect_rratio 0.25)
      (net 259 PWRBTn))
    (pad 1 smd roundrect (at -0.825 0) (size 0.8 0.95) (layers F.Cu F.Paste F.Mask) (roundrect_rratio 0.25)
      (net 2 +5V))
    (model ${KISYS3DMOD}/Resistor_SMD.3dshapes/R_0603_1608Metric.wrl
      (at (xyz 0 0 0))
      (scale (xyz 1 1 1))
      (rotate (xyz 0 0 0))
    )
  )

  (module Inductor_SMD:L_0805_2012Metric_Pad1.15x1.40mm_HandSolder (layer F.Cu) (tedit 5F68FEF0) (tstamp 6017FB3C)
    (at 189.455001 120.325001)
    (descr "Inductor SMD 0805 (2012 Metric), square (rectangular) end terminal, IPC_7351 nominal with elongated pad for handsoldering. (Body size source: https://docs.google.com/spreadsheets/d/1BsfQQcO9C6DZCsRaXUlFlo91Tg2WpOkGARC1WS5S8t0/edit?usp=sharing), generated with kicad-footprint-generator")
    (tags "inductor handsolder")
    (path /58D82BD0/5CF68070)
    (attr smd)
    (fp_text reference L5 (at 0 -1.65) (layer F.SilkS)
      (effects (font (size 1 1) (thickness 0.15)))
    )
    (fp_text value 33uH (at 0 1.65) (layer F.Fab)
      (effects (font (size 1 1) (thickness 0.15)))
    )
    (fp_line (start -1 0.6) (end -1 -0.6) (layer F.Fab) (width 0.1))
    (fp_line (start -1 -0.6) (end 1 -0.6) (layer F.Fab) (width 0.1))
    (fp_line (start 1 -0.6) (end 1 0.6) (layer F.Fab) (width 0.1))
    (fp_line (start 1 0.6) (end -1 0.6) (layer F.Fab) (width 0.1))
    (fp_line (start -0.261252 -0.71) (end 0.261252 -0.71) (layer F.SilkS) (width 0.12))
    (fp_line (start -0.261252 0.71) (end 0.261252 0.71) (layer F.SilkS) (width 0.12))
    (fp_line (start -1.85 0.95) (end -1.85 -0.95) (layer F.CrtYd) (width 0.05))
    (fp_line (start -1.85 -0.95) (end 1.85 -0.95) (layer F.CrtYd) (width 0.05))
    (fp_line (start 1.85 -0.95) (end 1.85 0.95) (layer F.CrtYd) (width 0.05))
    (fp_line (start 1.85 0.95) (end -1.85 0.95) (layer F.CrtYd) (width 0.05))
    (fp_text user %R (at 0 0) (layer F.Fab)
      (effects (font (size 0.5 0.5) (thickness 0.08)))
    )
    (pad 1 smd roundrect (at -1.025 0) (size 1.15 1.4) (layers F.Cu F.Paste F.Mask) (roundrect_rratio 0.217391)
      (net 5 +3V3))
    (pad 2 smd roundrect (at 1.025 0) (size 1.15 1.4) (layers F.Cu F.Paste F.Mask) (roundrect_rratio 0.217391)
      (net 262 /analog/ADCD3V3))
    (model ${KISYS3DMOD}/Inductor_SMD.3dshapes/L_0805_2012Metric.wrl
      (at (xyz 0 0 0))
      (scale (xyz 1 1 1))
      (rotate (xyz 0 0 0))
    )
  )

  (module Package_TO_SOT_SMD:SOT-23 (layer F.Cu) (tedit 5A02FF57) (tstamp 6017FB7E)
    (at 229.895001 85.175001)
    (descr "SOT-23, Standard")
    (tags SOT-23)
    (path /58D51CAD/58D89315)
    (attr smd)
    (fp_text reference Q1 (at 0 -2.5) (layer F.SilkS)
      (effects (font (size 1 1) (thickness 0.15)))
    )
    (fp_text value BC857 (at 0 2.5) (layer F.Fab)
      (effects (font (size 1 1) (thickness 0.15)))
    )
    (fp_line (start -0.7 -0.95) (end -0.7 1.5) (layer F.Fab) (width 0.1))
    (fp_line (start -0.15 -1.52) (end 0.7 -1.52) (layer F.Fab) (width 0.1))
    (fp_line (start -0.7 -0.95) (end -0.15 -1.52) (layer F.Fab) (width 0.1))
    (fp_line (start 0.7 -1.52) (end 0.7 1.52) (layer F.Fab) (width 0.1))
    (fp_line (start -0.7 1.52) (end 0.7 1.52) (layer F.Fab) (width 0.1))
    (fp_line (start 0.76 1.58) (end 0.76 0.65) (layer F.SilkS) (width 0.12))
    (fp_line (start 0.76 -1.58) (end 0.76 -0.65) (layer F.SilkS) (width 0.12))
    (fp_line (start -1.7 -1.75) (end 1.7 -1.75) (layer F.CrtYd) (width 0.05))
    (fp_line (start 1.7 -1.75) (end 1.7 1.75) (layer F.CrtYd) (width 0.05))
    (fp_line (start 1.7 1.75) (end -1.7 1.75) (layer F.CrtYd) (width 0.05))
    (fp_line (start -1.7 1.75) (end -1.7 -1.75) (layer F.CrtYd) (width 0.05))
    (fp_line (start 0.76 -1.58) (end -1.4 -1.58) (layer F.SilkS) (width 0.12))
    (fp_line (start 0.76 1.58) (end -0.7 1.58) (layer F.SilkS) (width 0.12))
    (fp_text user %R (at 0 0 90) (layer F.Fab)
      (effects (font (size 0.5 0.5) (thickness 0.075)))
    )
    (pad 1 smd rect (at -1 -0.95) (size 0.9 0.8) (layers F.Cu F.Paste F.Mask)
      (net 27 /power/WKn))
    (pad 2 smd rect (at -1 0.95) (size 0.9 0.8) (layers F.Cu F.Paste F.Mask)
      (net 2 +5V))
    (pad 3 smd rect (at 1 0) (size 0.9 0.8) (layers F.Cu F.Paste F.Mask)
      (net 23 /power/WKUP))
    (model ${KISYS3DMOD}/Package_TO_SOT_SMD.3dshapes/SOT-23.wrl
      (at (xyz 0 0 0))
      (scale (xyz 1 1 1))
      (rotate (xyz 0 0 0))
    )
  )

  (module Package_TO_SOT_SMD:SOT-23 (layer F.Cu) (tedit 5A02FF57) (tstamp 6017FB93)
    (at 221.165001 95.175001)
    (descr "SOT-23, Standard")
    (tags SOT-23)
    (path /58D51CAD/58D883BD)
    (attr smd)
    (fp_text reference Q2 (at 0 -2.5) (layer F.SilkS)
      (effects (font (size 1 1) (thickness 0.15)))
    )
    (fp_text value 2N7002 (at 0 2.5) (layer F.Fab)
      (effects (font (size 1 1) (thickness 0.15)))
    )
    (fp_line (start 0.76 1.58) (end -0.7 1.58) (layer F.SilkS) (width 0.12))
    (fp_line (start 0.76 -1.58) (end -1.4 -1.58) (layer F.SilkS) (width 0.12))
    (fp_line (start -1.7 1.75) (end -1.7 -1.75) (layer F.CrtYd) (width 0.05))
    (fp_line (start 1.7 1.75) (end -1.7 1.75) (layer F.CrtYd) (width 0.05))
    (fp_line (start 1.7 -1.75) (end 1.7 1.75) (layer F.CrtYd) (width 0.05))
    (fp_line (start -1.7 -1.75) (end 1.7 -1.75) (layer F.CrtYd) (width 0.05))
    (fp_line (start 0.76 -1.58) (end 0.76 -0.65) (layer F.SilkS) (width 0.12))
    (fp_line (start 0.76 1.58) (end 0.76 0.65) (layer F.SilkS) (width 0.12))
    (fp_line (start -0.7 1.52) (end 0.7 1.52) (layer F.Fab) (width 0.1))
    (fp_line (start 0.7 -1.52) (end 0.7 1.52) (layer F.Fab) (width 0.1))
    (fp_line (start -0.7 -0.95) (end -0.15 -1.52) (layer F.Fab) (width 0.1))
    (fp_line (start -0.15 -1.52) (end 0.7 -1.52) (layer F.Fab) (width 0.1))
    (fp_line (start -0.7 -0.95) (end -0.7 1.5) (layer F.Fab) (width 0.1))
    (fp_text user %R (at 0 0 90) (layer F.Fab)
      (effects (font (size 0.5 0.5) (thickness 0.075)))
    )
    (pad 3 smd rect (at 1 0) (size 0.9 0.8) (layers F.Cu F.Paste F.Mask)
      (net 252 /power/SHD))
    (pad 2 smd rect (at -1 0.95) (size 0.9 0.8) (layers F.Cu F.Paste F.Mask)
      (net 1 GND))
    (pad 1 smd rect (at -1 -0.95) (size 0.9 0.8) (layers F.Cu F.Paste F.Mask)
      (net 24 /power/SHUT))
    (model ${KISYS3DMOD}/Package_TO_SOT_SMD.3dshapes/SOT-23.wrl
      (at (xyz 0 0 0))
      (scale (xyz 1 1 1))
      (rotate (xyz 0 0 0))
    )
  )

  (module Resistor_SMD:R_0603_1608Metric (layer F.Cu) (tedit 5F68FEEE) (tstamp 6017FBB5)
    (at 234.855001 102.985001)
    (descr "Resistor SMD 0603 (1608 Metric), square (rectangular) end terminal, IPC_7351 nominal, (Body size source: IPC-SM-782 page 72, https://www.pcb-3d.com/wordpress/wp-content/uploads/ipc-sm-782a_amendment_1_and_2.pdf), generated with kicad-footprint-generator")
    (tags resistor)
    (path /58D51CAD/58D7BDD9)
    (attr smd)
    (fp_text reference R2 (at 0 -1.43) (layer F.SilkS)
      (effects (font (size 1 1) (thickness 0.15)))
    )
    (fp_text value 18k (at 0 1.43) (layer F.Fab)
      (effects (font (size 1 1) (thickness 0.15)))
    )
    (fp_line (start -0.8 0.4125) (end -0.8 -0.4125) (layer F.Fab) (width 0.1))
    (fp_line (start -0.8 -0.4125) (end 0.8 -0.4125) (layer F.Fab) (width 0.1))
    (fp_line (start 0.8 -0.4125) (end 0.8 0.4125) (layer F.Fab) (width 0.1))
    (fp_line (start 0.8 0.4125) (end -0.8 0.4125) (layer F.Fab) (width 0.1))
    (fp_line (start -0.237258 -0.5225) (end 0.237258 -0.5225) (layer F.SilkS) (width 0.12))
    (fp_line (start -0.237258 0.5225) (end 0.237258 0.5225) (layer F.SilkS) (width 0.12))
    (fp_line (start -1.48 0.73) (end -1.48 -0.73) (layer F.CrtYd) (width 0.05))
    (fp_line (start -1.48 -0.73) (end 1.48 -0.73) (layer F.CrtYd) (width 0.05))
    (fp_line (start 1.48 -0.73) (end 1.48 0.73) (layer F.CrtYd) (width 0.05))
    (fp_line (start 1.48 0.73) (end -1.48 0.73) (layer F.CrtYd) (width 0.05))
    (fp_text user %R (at 0 0) (layer F.Fab)
      (effects (font (size 0.4 0.4) (thickness 0.06)))
    )
    (pad 1 smd roundrect (at -0.825 0) (size 0.8 0.95) (layers F.Cu F.Paste F.Mask) (roundrect_rratio 0.25)
      (net 14 /power/PWREN))
    (pad 2 smd roundrect (at 0.825 0) (size 0.8 0.95) (layers F.Cu F.Paste F.Mask) (roundrect_rratio 0.25)
      (net 1 GND))
    (model ${KISYS3DMOD}/Resistor_SMD.3dshapes/R_0603_1608Metric.wrl
      (at (xyz 0 0 0))
      (scale (xyz 1 1 1))
      (rotate (xyz 0 0 0))
    )
  )

  (module Capacitor_SMD:C_0805_2012Metric (layer F.Cu) (tedit 5F68FEEE) (tstamp 6017F3A7)
    (at 262.515001 72.825001)
    (descr "Capacitor SMD 0805 (2012 Metric), square (rectangular) end terminal, IPC_7351 nominal, (Body size source: IPC-SM-782 page 76, https://www.pcb-3d.com/wordpress/wp-content/uploads/ipc-sm-782a_amendment_1_and_2.pdf, https://docs.google.com/spreadsheets/d/1BsfQQcO9C6DZCsRaXUlFlo91Tg2WpOkGARC1WS5S8t0/edit?usp=sharing), generated with kicad-footprint-generator")
    (tags capacitor)
    (path /58D51CAD/59D56B84)
    (attr smd)
    (fp_text reference C22 (at 0 -1.68) (layer F.SilkS)
      (effects (font (size 1 1) (thickness 0.15)))
    )
    (fp_text value 2.2uF (at 0 1.68) (layer F.Fab)
      (effects (font (size 1 1) (thickness 0.15)))
    )
    (fp_line (start 1.7 0.98) (end -1.7 0.98) (layer F.CrtYd) (width 0.05))
    (fp_line (start 1.7 -0.98) (end 1.7 0.98) (layer F.CrtYd) (width 0.05))
    (fp_line (start -1.7 -0.98) (end 1.7 -0.98) (layer F.CrtYd) (width 0.05))
    (fp_line (start -1.7 0.98) (end -1.7 -0.98) (layer F.CrtYd) (width 0.05))
    (fp_line (start -0.261252 0.735) (end 0.261252 0.735) (layer F.SilkS) (width 0.12))
    (fp_line (start -0.261252 -0.735) (end 0.261252 -0.735) (layer F.SilkS) (width 0.12))
    (fp_line (start 1 0.625) (end -1 0.625) (layer F.Fab) (width 0.1))
    (fp_line (start 1 -0.625) (end 1 0.625) (layer F.Fab) (width 0.1))
    (fp_line (start -1 -0.625) (end 1 -0.625) (layer F.Fab) (width 0.1))
    (fp_line (start -1 0.625) (end -1 -0.625) (layer F.Fab) (width 0.1))
    (fp_text user %R (at 0 0) (layer F.Fab)
      (effects (font (size 0.5 0.5) (thickness 0.08)))
    )
    (pad 2 smd roundrect (at 0.95 0) (size 1 1.45) (layers F.Cu F.Paste F.Mask) (roundrect_rratio 0.25)
      (net 1 GND))
    (pad 1 smd roundrect (at -0.95 0) (size 1 1.45) (layers F.Cu F.Paste F.Mask) (roundrect_rratio 0.25)
      (net 164 /power/P1V1))
    (model ${KISYS3DMOD}/Capacitor_SMD.3dshapes/C_0805_2012Metric.wrl
      (at (xyz 0 0 0))
      (scale (xyz 1 1 1))
      (rotate (xyz 0 0 0))
    )
  )

  (module Capacitor_SMD:C_0603_1608Metric (layer F.Cu) (tedit 5F68FEEE) (tstamp 6017F462)
    (at 264.315001 109.275001)
    (descr "Capacitor SMD 0603 (1608 Metric), square (rectangular) end terminal, IPC_7351 nominal, (Body size source: IPC-SM-782 page 76, https://www.pcb-3d.com/wordpress/wp-content/uploads/ipc-sm-782a_amendment_1_and_2.pdf), generated with kicad-footprint-generator")
    (tags capacitor)
    (path /58D6D507/5A5FD142)
    (attr smd)
    (fp_text reference C33 (at 0 -1.43) (layer F.SilkS)
      (effects (font (size 1 1) (thickness 0.15)))
    )
    (fp_text value 22nF (at 0 1.43) (layer F.Fab)
      (effects (font (size 1 1) (thickness 0.15)))
    )
    (fp_line (start 1.48 0.73) (end -1.48 0.73) (layer F.CrtYd) (width 0.05))
    (fp_line (start 1.48 -0.73) (end 1.48 0.73) (layer F.CrtYd) (width 0.05))
    (fp_line (start -1.48 -0.73) (end 1.48 -0.73) (layer F.CrtYd) (width 0.05))
    (fp_line (start -1.48 0.73) (end -1.48 -0.73) (layer F.CrtYd) (width 0.05))
    (fp_line (start -0.14058 0.51) (end 0.14058 0.51) (layer F.SilkS) (width 0.12))
    (fp_line (start -0.14058 -0.51) (end 0.14058 -0.51) (layer F.SilkS) (width 0.12))
    (fp_line (start 0.8 0.4) (end -0.8 0.4) (layer F.Fab) (width 0.1))
    (fp_line (start 0.8 -0.4) (end 0.8 0.4) (layer F.Fab) (width 0.1))
    (fp_line (start -0.8 -0.4) (end 0.8 -0.4) (layer F.Fab) (width 0.1))
    (fp_line (start -0.8 0.4) (end -0.8 -0.4) (layer F.Fab) (width 0.1))
    (fp_text user %R (at 0 0) (layer F.Fab)
      (effects (font (size 0.4 0.4) (thickness 0.06)))
    )
    (pad 2 smd roundrect (at 0.775 0) (size 0.9 0.95) (layers F.Cu F.Paste F.Mask) (roundrect_rratio 0.25)
      (net 1 GND))
    (pad 1 smd roundrect (at -0.775 0) (size 0.9 0.95) (layers F.Cu F.Paste F.Mask) (roundrect_rratio 0.25)
      (net 5 +3V3))
    (model ${KISYS3DMOD}/Capacitor_SMD.3dshapes/C_0603_1608Metric.wrl
      (at (xyz 0 0 0))
      (scale (xyz 1 1 1))
      (rotate (xyz 0 0 0))
    )
  )

  (module Inductor_SMD:L_0805_2012Metric_Pad1.15x1.40mm_HandSolder (layer F.Cu) (tedit 5F68FEF0) (tstamp 6017FB2B)
    (at 189.245001 112.175001)
    (descr "Inductor SMD 0805 (2012 Metric), square (rectangular) end terminal, IPC_7351 nominal with elongated pad for handsoldering. (Body size source: https://docs.google.com/spreadsheets/d/1BsfQQcO9C6DZCsRaXUlFlo91Tg2WpOkGARC1WS5S8t0/edit?usp=sharing), generated with kicad-footprint-generator")
    (tags "inductor handsolder")
    (path /58D82BD0/5B3BC972)
    (attr smd)
    (fp_text reference L4 (at 0 -1.65) (layer F.SilkS)
      (effects (font (size 1 1) (thickness 0.15)))
    )
    (fp_text value 33uH (at 0 1.65) (layer F.Fab)
      (effects (font (size 1 1) (thickness 0.15)))
    )
    (fp_line (start 1.85 0.95) (end -1.85 0.95) (layer F.CrtYd) (width 0.05))
    (fp_line (start 1.85 -0.95) (end 1.85 0.95) (layer F.CrtYd) (width 0.05))
    (fp_line (start -1.85 -0.95) (end 1.85 -0.95) (layer F.CrtYd) (width 0.05))
    (fp_line (start -1.85 0.95) (end -1.85 -0.95) (layer F.CrtYd) (width 0.05))
    (fp_line (start -0.261252 0.71) (end 0.261252 0.71) (layer F.SilkS) (width 0.12))
    (fp_line (start -0.261252 -0.71) (end 0.261252 -0.71) (layer F.SilkS) (width 0.12))
    (fp_line (start 1 0.6) (end -1 0.6) (layer F.Fab) (width 0.1))
    (fp_line (start 1 -0.6) (end 1 0.6) (layer F.Fab) (width 0.1))
    (fp_line (start -1 -0.6) (end 1 -0.6) (layer F.Fab) (width 0.1))
    (fp_line (start -1 0.6) (end -1 -0.6) (layer F.Fab) (width 0.1))
    (fp_text user %R (at 0 0) (layer F.Fab)
      (effects (font (size 0.5 0.5) (thickness 0.08)))
    )
    (pad 2 smd roundrect (at 1.025 0) (size 1.15 1.4) (layers F.Cu F.Paste F.Mask) (roundrect_rratio 0.217391)
      (net 258 /analog/ADC3V3))
    (pad 1 smd roundrect (at -1.025 0) (size 1.15 1.4) (layers F.Cu F.Paste F.Mask) (roundrect_rratio 0.217391)
      (net 5 +3V3))
    (model ${KISYS3DMOD}/Inductor_SMD.3dshapes/L_0805_2012Metric.wrl
      (at (xyz 0 0 0))
      (scale (xyz 1 1 1))
      (rotate (xyz 0 0 0))
    )
  )

  (module Resistor_SMD:R_0603_1608Metric (layer F.Cu) (tedit 5F68FEEE) (tstamp 6017FBD7)
    (at 249.585001 110.455001)
    (descr "Resistor SMD 0603 (1608 Metric), square (rectangular) end terminal, IPC_7351 nominal, (Body size source: IPC-SM-782 page 72, https://www.pcb-3d.com/wordpress/wp-content/uploads/ipc-sm-782a_amendment_1_and_2.pdf), generated with kicad-footprint-generator")
    (tags resistor)
    (path /58D51CAD/58D7CBD5)
    (attr smd)
    (fp_text reference R4 (at 0 -1.43) (layer F.SilkS)
      (effects (font (size 1 1) (thickness 0.15)))
    )
    (fp_text value 4.7k (at 0 1.43) (layer F.Fab)
      (effects (font (size 1 1) (thickness 0.15)))
    )
    (fp_line (start 1.48 0.73) (end -1.48 0.73) (layer F.CrtYd) (width 0.05))
    (fp_line (start 1.48 -0.73) (end 1.48 0.73) (layer F.CrtYd) (width 0.05))
    (fp_line (start -1.48 -0.73) (end 1.48 -0.73) (layer F.CrtYd) (width 0.05))
    (fp_line (start -1.48 0.73) (end -1.48 -0.73) (layer F.CrtYd) (width 0.05))
    (fp_line (start -0.237258 0.5225) (end 0.237258 0.5225) (layer F.SilkS) (width 0.12))
    (fp_line (start -0.237258 -0.5225) (end 0.237258 -0.5225) (layer F.SilkS) (width 0.12))
    (fp_line (start 0.8 0.4125) (end -0.8 0.4125) (layer F.Fab) (width 0.1))
    (fp_line (start 0.8 -0.4125) (end 0.8 0.4125) (layer F.Fab) (width 0.1))
    (fp_line (start -0.8 -0.4125) (end 0.8 -0.4125) (layer F.Fab) (width 0.1))
    (fp_line (start -0.8 0.4125) (end -0.8 -0.4125) (layer F.Fab) (width 0.1))
    (fp_text user %R (at 0 0) (layer F.Fab)
      (effects (font (size 0.4 0.4) (thickness 0.06)))
    )
    (pad 2 smd roundrect (at 0.825 0) (size 0.8 0.95) (layers F.Cu F.Paste F.Mask) (roundrect_rratio 0.25)
      (net 14 /power/PWREN))
    (pad 1 smd roundrect (at -0.825 0) (size 0.8 0.95) (layers F.Cu F.Paste F.Mask) (roundrect_rratio 0.25)
      (net 26 /power/HOLD))
    (model ${KISYS3DMOD}/Resistor_SMD.3dshapes/R_0603_1608Metric.wrl
      (at (xyz 0 0 0))
      (scale (xyz 1 1 1))
      (rotate (xyz 0 0 0))
    )
  )

  (module Resistor_SMD:R_0603_1608Metric (layer F.Cu) (tedit 5F68FEEE) (tstamp 6017FBA4)
    (at 266.685001 82.095001)
    (descr "Resistor SMD 0603 (1608 Metric), square (rectangular) end terminal, IPC_7351 nominal, (Body size source: IPC-SM-782 page 72, https://www.pcb-3d.com/wordpress/wp-content/uploads/ipc-sm-782a_amendment_1_and_2.pdf), generated with kicad-footprint-generator")
    (tags resistor)
    (path /58D51CAD/58D67C1D)
    (attr smd)
    (fp_text reference R1 (at 0 -1.43) (layer F.SilkS)
      (effects (font (size 1 1) (thickness 0.15)))
    )
    (fp_text value 4.7k (at 0 1.43) (layer F.Fab)
      (effects (font (size 1 1) (thickness 0.15)))
    )
    (fp_line (start -0.8 0.4125) (end -0.8 -0.4125) (layer F.Fab) (width 0.1))
    (fp_line (start -0.8 -0.4125) (end 0.8 -0.4125) (layer F.Fab) (width 0.1))
    (fp_line (start 0.8 -0.4125) (end 0.8 0.4125) (layer F.Fab) (width 0.1))
    (fp_line (start 0.8 0.4125) (end -0.8 0.4125) (layer F.Fab) (width 0.1))
    (fp_line (start -0.237258 -0.5225) (end 0.237258 -0.5225) (layer F.SilkS) (width 0.12))
    (fp_line (start -0.237258 0.5225) (end 0.237258 0.5225) (layer F.SilkS) (width 0.12))
    (fp_line (start -1.48 0.73) (end -1.48 -0.73) (layer F.CrtYd) (width 0.05))
    (fp_line (start -1.48 -0.73) (end 1.48 -0.73) (layer F.CrtYd) (width 0.05))
    (fp_line (start 1.48 -0.73) (end 1.48 0.73) (layer F.CrtYd) (width 0.05))
    (fp_line (start 1.48 0.73) (end -1.48 0.73) (layer F.CrtYd) (width 0.05))
    (fp_text user %R (at 0 0) (layer F.Fab)
      (effects (font (size 0.4 0.4) (thickness 0.06)))
    )
    (pad 1 smd roundrect (at -0.825 0) (size 0.8 0.95) (layers F.Cu F.Paste F.Mask) (roundrect_rratio 0.25)
      (net 25 /power/WAKE))
    (pad 2 smd roundrect (at 0.825 0) (size 0.8 0.95) (layers F.Cu F.Paste F.Mask) (roundrect_rratio 0.25)
      (net 14 /power/PWREN))
    (model ${KISYS3DMOD}/Resistor_SMD.3dshapes/R_0603_1608Metric.wrl
      (at (xyz 0 0 0))
      (scale (xyz 1 1 1))
      (rotate (xyz 0 0 0))
    )
  )

  (module L_1008_1210:L_1008_1210 (layer F.Cu) (tedit 5BC09943) (tstamp 6017FB09)
    (at 216.705001 90.775001)
    (descr "Inductor SMD 1008-1210 (2520-3225 Metric), square (rectangular) end terminal")
    (tags inductor)
    (path /58D51CAD/58D67BD8)
    (attr smd)
    (fp_text reference L2 (at -3.16 -0.018) (layer F.SilkS)
      (effects (font (size 1 1) (thickness 0.15)))
    )
    (fp_text value 2.2uH (at -3.937 0) (layer F.Fab) hide
      (effects (font (size 1 1) (thickness 0.15)))
    )
    (fp_line (start 2.29 1.6) (end -2.29 1.6) (layer F.CrtYd) (width 0.05))
    (fp_line (start 2.29 -1.6) (end 2.29 1.6) (layer F.CrtYd) (width 0.05))
    (fp_line (start -2.29 -1.6) (end 2.29 -1.6) (layer F.CrtYd) (width 0.05))
    (fp_line (start -2.29 1.6) (end -2.29 -1.6) (layer F.CrtYd) (width 0.05))
    (fp_line (start -0.2 1.4) (end 0.2 1.4) (layer F.SilkS) (width 0.12))
    (fp_line (start -0.2 -1.4) (end 0.2 -1.4) (layer F.SilkS) (width 0.12))
    (fp_line (start 1.6 1.25) (end -1.6 1.25) (layer F.Fab) (width 0.1))
    (fp_line (start 1.6 -1.25) (end 1.6 1.25) (layer F.Fab) (width 0.1))
    (fp_line (start -1.6 -1.25) (end 1.6 -1.25) (layer F.Fab) (width 0.1))
    (fp_line (start -1.6 1.25) (end -1.6 -1.25) (layer F.Fab) (width 0.1))
    (fp_text user %R (at 0 0) (layer F.Fab)
      (effects (font (size 0.8 0.8) (thickness 0.12)))
    )
    (pad 2 smd rect (at 1.27 0) (size 1.5 2.7) (layers F.Cu F.Paste F.Mask)
      (net 152 /power/P2V5) (solder_paste_margin -0.15))
